I	II	III	prediction
NPC0001PT00332T00332	0.484	0.258	0.258	I
NPC0001PT00389T00389	0.928	0.048	0.024	I
NPC0001PT00152T00152	0.174	0.018	0.808	III
NPC0001PT00290T00290	0.81	0.082	0.108	I
NPC0001PT00306T00306	0.952	0.026	0.022	I
NPC0001PT00233T00233	0.162	0.018	0.82	III
NPC0001PT00260T00260	0.982	0.002	0.016	I
NPC0001PT00369T00369	0.966	0.012	0.022	I
NPC0001PT00322T00322	0.046	0.898	0.056	II
NPC0001PT00020T00020	0.7	0.066	0.234	I
NPC0001PT00383T00383	0.018	0.98	0.002	II
NPC0001PT00234T00234	0.004	0.994	0.002	II
NPC0001PT00099T00099	0.138	0.852	0.01	II
NPC0001PT00439T00439	0.012	0.984	0.004	II
NPC0001PT00392T00392	0.916	0.018	0.066	I
NPC0001PT00370T00370	0.968	0.002	0.03	I
NPC0001PT00097T00097	0.896	0.102	0.002	I
NPC0001PT00337T00337	0.93	0.008	0.062	I
NPC0002PT00013T00013	0.234	0.726	0.04	II
NPC0001PT00421T00421	0.204	0.016	0.78	III
NPC0001PT00226T00226	0.858	0.024	0.118	I
NPC0001PT00305T00305	0.206	0.008	0.786	III
NPC0001PT00144T00144	0.056	0.942	0.002	II
NPC0001PT00264T00264	0.924	0.006	0.07	I
NPC0001PT00014T00014	0.888	0.006	0.106	I
NPC0001PT00054T00054	0.974	0.024	0.002	I
NPC0001PT00452T00452	0.96	0.016	0.024	I
NPC0002PT00037T00037	0.972	0.002	0.026	I
NPC0001PT00354T00354	0.83	0.09	0.08	I
NPC0001PT00044T00044	0.18	0.03	0.79	III
NPC0001PT00055T00055	0.908	0.09	0.002	I
NPC0001PT00236T00236	0.906	0.012	0.082	I
NPC0001PT00438T00438	0.896	0.096	0.008	I
NPC0001PT00240T00240	0.938	0.034	0.028	I
NPC0002PT00034T00034	0.444	0.058	0.498	III
